000000000000000000000000000000000000000
000000000000000000000000000000000000000
000000000000000000000000000000000000000
000000000000000000000000000000000000000
000000000000000000000000000000000000000
000000000000000001110000000000000000000
000000000000000010001000000000000000000
000000000000000100000100000000000000000
000000000000001000100010000000000000000
000000000000001001110010000000000000000
000000000000001000100010000000000000000
000000000000000100000100000000000000000
000000000000000010001000000000000000000
000000000000000001110000000000000000000
000000000000000000000000000000000000000
000000000000000000000000000000000000000
000000000000000000000000000000000000000
000000000000000000000000000000000000000
000000000000000000000000000000000000000
